background 0.3 0.3 0.3
global 0.1 0.1 0.1
sphere 0.7   3.0    0.0  -5.0      0.8 0.2 0.0  0.7 1.0 0.0  0.2 0.1 0.2  40
sphere 0.7  -3.0    0.0  -5.0      0.8 0.2 0.0  0.7 1.0 0.0  0.2 0.1 0.2  40
sphere 2.0   0.0    0.0  -1.0      0.8 0.1 0.0  0.8 0.1 0.0  0.2 0.1 0.2  40
sphere 2.0   0.0   -5.0  -3.0      0.8 0.2 0.0  0.0 0.7 1.0  0.2 0.1 0.2  40
sphere 2.0   0.0    5.0  -3.0      0.8 0.2 0.0  0.0 0.7 1.0  0.2 0.1 0.2  40
sphere 2.0  -5.0    2.5  -3.0      0.8 0.2 0.0  0.0 0.7 1.0  0.2 0.1 0.2  40
sphere 2.0  -5.0   -2.5  -3.0      0.8 0.2 0.0  0.0 0.7 1.0  0.2 0.1 0.2  40
sphere 2.0   5.0   -2.5  -3.0      0.8 0.2 0.0  0.0 0.7 1.0  0.2 0.1 0.2  40
sphere 2.0   5.0    2.5  -3.0      0.8 0.2 0.0  0.0 0.7 1.0  0.2 0.1 0.2  40
sphere 5.5   -18.0    0.0  -10.0      0.5 0.5 0.5  0.1 0.1 0.1  0.1 0.1 0.1  40
sphere 2.5   -17.0    3.0  -7.0      0.9 0.9 0.9  0.1 0.1 0.1  0.1 0.1 0.1  50
sphere 0.5   -18.2    2.0  -4.0      0.9 0.0 0.9  0.1 0.5 0.1  0.1 0.1 0.1  50
sphere 1.5   -16.8    -1.0  0.0      0.9 0.0 0.5  0.1 0.2 0.1  0.1 0.3 0.1  50
sphere 4.5   -18.4    -5.0  -8.0      0.1 0.3 0.9  0.1 0.5 0.9  0.1 0.1 0.1  50
sphere 0.5   -18.6    0.5  1.0      0.1 0.3 0.9  0.1 0.5 0.9  0.1 0.1 0.1  50
sphere 2.5   -16.0    -5.0  -12.0      0.2 0.3 0.9  0.3 0.5 0.0  0.2 0.1 0.1  80
sphere 1.5   -18.8    -1.0  -15.0      0.1 0.2 0.3  0.1 0.5 0.7  0.1 0.3 0.4  50
sphere 5.5   -17.8    -4.5  -42.0      0.4 0.1 0.9  0.2 0.1 0.6  0.5 0.1 0.4  60
sphere 1.5   -17.6    2.0  -8.0      0.1 0.3 0.4  0.1 0.5 0.9  0.1 0.4 0.1  50
sphere 1.5   -17.4    3.0  -18.0      0.5 0.3 0.4  0.4 0.5 0.5  0.4 0.1 0.1  40
source       0.0    0.0  15.0      0.2 0.2 0.2  0.4 0.4 0.4  0.2 0.2 0.2
source      -5.0    0.0  10.0      0.2 0.2 0.2  1.0 0.0 1.0  0.3 0.3 0.1
source       5.0    0.0  10.0      0.2 0.2 0.2  1.0 0.0 1.0  0.3 0.3 0.1
source       5.0    0.0  12.0      0.2 0.2 0.2  0.0 1.0 1.0  0.4 0.5 0.3
source      -5.0    0.0  12.0      0.2 0.2 0.2  0.0 1.0 1.0  0.4 0.5 0.3